577690337
541605061
712378501
295199788
615116636
136703636
101529889
883242886
929149792
761859057
124274884
880973154
869482315
478778385
414178611
500895753
471325044
143932233
486777334
728484682
707500862
999066578
755124714
493512910
623951855
793327346
811418025
658602382
462246296
287645068
501614465
539709997
400985946
587478896
741100677
430062811
716416828
698086191
146919671
931833513
788639476
849107072
223245917
196405343
615526652
971343438
363952882
779241590
809282736
377223282
728131960
589766480
203848818
735602226
358317850
961271802
689061604
642091370
814856978
169854836
895223391
777629014
308625125
309554848
706128298
353245417
669741028
410586145
297419462
965022984
629936302
487281483
971077102
135904326
344392556
306552566
519399860
903197001
579444336
667780282
835235115
421115261
646743746
522961586
623273279
853432965
186466195
660259638
879414142
524394691
553872373
850169033
347253759
487772106
781002237
932056776
366855593
740981979
736106926
465443296
408180936
565326432
923454391
483011509
188375421
880181609
487373066
461203950
168204403
968180150
595537945
861772533
521151569
358908690
771858972
816061748
763049769
855889697
459200578
974090642
256665650
924186100
756814567
414519051
958017537
410326857
418333037
530376472
956648369
742687239
254533909
806420934
122131003
359410009
249525148
653082763
542366839
743273258
707178564
419016603
545688352
789868007
871060566
329896573
982276861
804384720
311544543
126408381
453721074
865651232
233368723
282861400
408935361
704495859
120110986
777248810
786896350
909534013
926110914
830990765
198283353
853403866
296426425
996507883
536695460
164009262
723972247
516139775
865611255
454849900
809906853
725852073
598760088
774037462
760112939
679648716
844118895
169043321
965579448
856132337
118052891
651556620
504534939
476502486
306357696
794635763
245703048
725086060
257320324
522272384
216757037
758099495
847610059
910410849
729391557
970003529
236905032
383412558
398424520
771317512
826380840
852550564
472162878
978637199
583946369
122186961
968115344
811724293
265955683
878794109
757887429
662702750
620035645
444538258
727361957
366290098
843326609
611119929
654118083
780968429
963121735
991020369
540619398
794900410
279424285
551173891
247521024
570844108
128263256
941155701
397838680
308118874
949617880
758917200
903542901
120246853
656146651
739736158
448254508
266474089
180856087
213432239
794174033
172373074
413845656
964203851
390980624
786307054
463693698
798673432
611703487
505945590
134615186
973503262
150749004
534559976
340056711
857692455
470089481
976024299
932416323
496005351
168402720
284940708
158920752
751376348
905285330
386816662
335290344
173712900
230956543
962255285
208965042
470187492
131854718
295391990
700111927
509001138
176994290
729824392
928740068
813185705
132708161
203610823
587307984
250056799
665885913
600010539
727515309
246484563
889373198
628045884
631107949
440378802
407757373
370901016
965210560
186060032
347489105
903147763
378885356
240560042
865842094
532960840
886509244
984445694
655088597
214661890
251934651
345567855
828355212
969628648
441938449
545090260
239103460
123164992
253530292
834741376
725676996
700015713
688550066
596626869
484036463
467576847
180580541
832442690
328022798
861063212
344849834
137262813
782206188
650569676
745016219
255587223
364513746
446601703
989968305
452452240
492283900
179020358
526224899
264924124
151002778
104886248
660442484
434587523
362627588
442453123
374681420
533010494
508639506
438795339
284028305
222749736
595932250
622268391
249586603
598671171
265366182
369472734
216663889
490358937
763166409
694872060
762313007
186115008
832907439
417823161
750994572
884602595
960983468
991444593
191984542
697782560
517169093
841522651
291578127
632910883
882061820
843319253
515265981
210519427
895556555
208807766
920749843
378063779
174518279
191160588
510699358
484041154
242759415
909314795
377031475
990699743
931951323
899913579
322848996
261294740
853974078
402678240